
task 1 - 9181
task 2 - 9182
task 3 - 9183
task 4 - 9184
task 5 - 9185

1371261626031,ENQ_RQ,7,120,9182,0,17000000000,task
1371261632544,DEQ_RQ,7,120,9182,1,17000000000,task
1371261634036,SWT_AYUU,7,120,9182,1,17000000000,task
1371261634056,SWT_TOUU,0,120,9183,0,0,launcher
1371261847016,ENQ_RQ,7,120,9183,0,15000000000,task
1371261849761,DEQ_RQ,7,120,9183,1,15000000000,task
1371261850072,SWT_AYUU,7,120,9183,1,15000000000,task
1371261850092,SWT_TOUU,0,120,8434,0,0,kworker/u2:0
1371264043246,ENQ_RQ,7,120,9185,0,12000000000,task
1371264047304,DEQ_RQ,7,120,9185,1,12000000000,task
1371264047535,SWT_AYUU,7,120,9185,1,12000000000,task
1371264047565,SWT_TOUU,0,120,8434,0,0,kworker/u2:0
1371264049468,ENQ_RQ,7,120,9184,0,11000000000,task
1371264052203,DEQ_RQ,7,120,9184,1,11000000000,task
1371264052313,SWT_AYUU,7,120,9184,1,11000000000,task
1371264052334,SWT_TOUU,0,120,8434,0,0,kworker/u2:0
1371264055830,ENQ_RQ,7,120,9181,0,16000000000,task
1371264058806,DEQ_RQ,7,120,9181,1,16000000000,task
1371264058906,SWT_AYUU,7,120,9181,1,16000000000,task
1371264058926,SWT_TOUU,0,120,8434,0,0,kworker/u2:0
1377261373480,ENQ_RQ,7,120,9182,1,17000000000,task
1377261377959,SWT_AYUU,0,120,0,0,0,swapper
1377261378099,SWT_TOUU,7,120,9182,0,17000000000,task
1378361373452,ENQ_RQ,7,120,9181,1,16000000000,task
1378361377279,SWT_AYUU,7,120,9182,0,17000000000,task
1378361377330,SWT_TOUU,7,120,9181,0,16000000000,task
1379261421531,ENQ_RQ,7,120,9183,1,15000000000,task
1379261425198,SWT_AYUU,7,120,9181,0,16000000000,task
1379261425258,SWT_TOUU,7,120,9183,0,15000000000,task
1380261374919,ENQ_RQ,7,120,9184,1,11000000000,task
1380261379147,SWT_AYUU,7,120,9183,0,15000000000,task
1380261379207,SWT_TOUU,7,120,9184,0,11000000000,task
1381261380846,ENQ_RQ,7,120,9185,1,12000000000,task
1382371751495,DEQ_RQ,7,120,9184,1,11000000000,task
1382371752417,SWT_AYUU,7,120,9184,1,11000000000,task
1382371752437,SWT_TOUU,7,120,9185,0,12000000000,task
1384494535178,DEQ_RQ,7,120,9185,1,12000000000,task
1384494535479,SWT_AYUU,7,120,9185,1,12000000000,task
1384494535509,SWT_TOUU,7,120,9183,0,15000000000,task
1385603164501,DEQ_RQ,7,120,9183,1,15000000000,task
1385603164801,SWT_AYUU,7,120,9183,1,15000000000,task
1385603164821,SWT_TOUU,7,120,9181,0,16000000000,task
1386812877152,DEQ_RQ,7,120,9181,1,16000000000,task
1386812877532,SWT_AYUU,7,120,9181,1,16000000000,task
1386812877562,SWT_TOUU,7,120,9182,0,17000000000,task
1387174054630,SWT_AYUU,7,120,9182,0,17000000000,task
1387174054731,SWT_TOUU,2,0,4793,0,0,rtkit-daemon
1387174201827,SWT_AYUU,2,0,4793,1,0,rtkit-daemon
1387174201897,SWT_TOUU,7,120,9182,0,17000000000,task
1387872318880,DEQ_RQ,7,120,9182,1,17000000000,task
1387872321344,SWT_AYUU,7,120,9182,1,17000000000,task
1387872321374,SWT_TOUU,0,120,8434,0,0,kworker/u2:0
1391261373777,ENQ_RQ,7,120,9184,1,11000000000,task
1391261378136,SWT_AYUU,0,120,0,0,0,swapper
1391261378216,SWT_TOUU,7,120,9184,0,11000000000,task
1393261392393,ENQ_RQ,7,120,9185,1,12000000000,task
1393394206504,DEQ_RQ,7,120,9184,0,11000000000,task
1393394207015,ENQ_RQ,7,120,9184,0,11000000000,task
1393394212315,DEQ_RQ,7,120,9184,128,11000000000,task
1393394212826,SWT_AYUU,7,120,9184,128,11000000000,task
1393394212856,SWT_TOUU,7,120,9185,0,12000000000,task
1394261400253,ENQ_RQ,7,120,9183,1,15000000000,task
1394261400784,ENQ_RQ,7,120,9182,1,17000000000,task
1394361374462,ENQ_RQ,7,120,9181,1,16000000000,task
1395498893425,DEQ_RQ,7,120,9185,0,12000000000,task
1395498893676,ENQ_RQ,7,120,9185,0,12000000000,task
1395498897253,DEQ_RQ,7,120,9185,128,12000000000,task
1395498897713,SWT_AYUU,7,120,9185,128,12000000000,task
1395498897733,SWT_TOUU,7,120,9183,0,15000000000,task
1397598338482,DEQ_RQ,7,120,9183,0,15000000000,task
1397598338882,ENQ_RQ,7,120,9183,0,15000000000,task
1397598342569,DEQ_RQ,7,120,9183,128,15000000000,task
1397598343070,SWT_AYUU,7,120,9183,128,15000000000,task
1397598343090,SWT_TOUU,7,120,9181,0,16000000000,task
1397874675405,SWT_AYUU,7,120,9181,0,16000000000,task
1397874675636,SWT_TOUU,2,0,4793,0,0,rtkit-daemon
1397874838261,SWT_AYUU,2,0,4793,1,0,rtkit-daemon
1397874838321,SWT_TOUU,7,120,9181,0,16000000000,task
1399681511870,DEQ_RQ,7,120,9181,0,16000000000,task
1399681512250,ENQ_RQ,7,120,9181,0,16000000000,task
1399681516068,DEQ_RQ,7,120,9181,128,16000000000,task
1399681516879,SWT_AYUU,7,120,9181,128,16000000000,task
1399681516899,SWT_TOUU,7,120,9182,0,17000000000,task
1401782602183,DEQ_RQ,7,120,9182,0,17000000000,task
1401782602584,ENQ_RQ,7,120,9182,0,17000000000,task
1401782606671,DEQ_RQ,7,120,9182,128,17000000000,task
1401782608735,SWT_AYUU,7,120,9182,128,17000000000,task
1401782608755,SWT_TOUU,0,120,8434,0,0,kworker/u2:0
