task 1 - 21072
task 2 - 21073
task 3 - 21074
task 4 - 21075
task 5 - 21076
task 6 - 21077



9683761942276,ENQ_RQ,7,120,21073,0,14500000000,task
9683761945603,DEQ_RQ,7,120,21073,1,14500000000,task
9683761946304,SWT_AYUU,7,120,21073,1,14500000000,task
9683761946334,SWT_TOUU,0,120,21074,0,0,launcher
9683762145588,ENQ_RQ,7,120,21074,0,13000000000,task
9683762148814,DEQ_RQ,7,120,21074,1,13000000000,task
9683762149115,SWT_AYUU,7,120,21074,1,13000000000,task
9683762149135,SWT_TOUU,0,120,17600,0,0,kworker/u2:3
9683762811728,ENQ_RQ,7,120,21075,0,12100000000,task
9683762816507,DEQ_RQ,7,120,21075,1,12100000000,task
9683762816717,SWT_AYUU,7,120,21075,1,12100000000,task
9683762816747,SWT_TOUU,0,120,17600,0,0,kworker/u2:3
9683762990433,ENQ_RQ,7,120,21076,0,11250000000,task
9683762993579,DEQ_RQ,7,120,21076,1,11250000000,task
9683762993729,SWT_AYUU,7,120,21076,1,11250000000,task
9683762993759,SWT_TOUU,0,120,17600,0,0,kworker/u2:3
9683763007255,ENQ_RQ,7,120,21077,0,12500000000,task
9683763009920,DEQ_RQ,7,120,21077,1,12500000000,task
9683763010050,SWT_AYUU,7,120,21077,1,12500000000,task
9683763010070,SWT_TOUU,0,120,17600,0,0,kworker/u2:3
9683763011823,ENQ_RQ,7,120,21072,0,14000000000,task
9683763017624,DEQ_RQ,7,120,21072,1,14000000000,task
9683763017734,SWT_AYUU,7,120,21072,1,14000000000,task
9683763017754,SWT_TOUU,0,120,17600,0,0,kworker/u2:3
9689761636696,ENQ_RQ,7,120,21073,1,14500000000,task
9689761640563,SWT_AYUU,0,120,0,0,0,swapper
9689761640643,SWT_TOUU,7,120,21073,0,14500000000,task
9689761661973,MUT_LK,7,120,21073,0,14500000000,task
9690661673454,ENQ_RQ,7,120,21072,1,14000000000,task
9690661677351,SWT_AYUU,7,120,21073,0,14500000000,task
9690661677401,SWT_TOUU,7,120,21072,0,14000000000,task
9691761644962,ENQ_RQ,7,120,21074,1,13000000000,task
9691761648920,SWT_AYUU,7,120,21072,0,14000000000,task
9691761648960,SWT_TOUU,7,120,21074,0,13000000000,task
9691761666843,ENQ_WQ,7,120,21074,1,13000000000,task
9691761666994,DEQ_RQ,7,120,21074,1,13000000000,task
9691761667064,SWT_AYUU,7,120,21074,1,13000000000,task
9691761667084,SWT_TOUU,7,120,21073,0,13000000000,task
9692622853121,SWT_AYUU,7,120,21073,0,13000000000,task
9692622853332,SWT_TOUU,2,0,4793,0,0,rtkit-daemon
9692622891343,SWT_AYUU,2,0,4793,1,0,rtkit-daemon
9692622891383,SWT_TOUU,7,120,21073,0,13000000000,task
9692761640690,ENQ_RQ,7,120,21075,1,12100000000,task
9692761643786,SWT_AYUU,7,120,21073,0,13000000000,task
9692761643816,SWT_TOUU,7,120,21075,0,12100000000,task
9693761636037,ENQ_RQ,7,120,21076,1,11250000000,task
9693761636487,ENQ_RQ,7,120,21077,1,12500000000,task
9693761640735,SWT_AYUU,7,120,21075,0,12100000000,task
9693761640765,SWT_TOUU,7,120,21076,0,11250000000,task
9693761658008,ENQ_WQ,7,120,21076,1,11250000000,task
9693761658208,DEQ_RQ,7,120,21076,1,11250000000,task
9693761658268,SWT_AYUU,7,120,21076,1,11250000000,task
9693761658298,SWT_TOUU,7,120,21073,0,11250000000,task
9698137266533,DEQ_WQ,7,120,21076,1,11250000000,task
9698137266914,ENQ_RQ,7,120,21076,1,11250000000,task
9698137267114,MUT_UL,7,120,21073,0,14500000000,task
9698137268046,SWT_AYUU,7,120,21073,0,14500000000,task
9698137268086,SWT_TOUU,7,120,21076,0,11250000000,task
9698137269609,MUT_LK,7,120,21076,0,11250000000,task
9699175498789,DEQ_WQ,7,120,21074,1,13000000000,task
9699175499370,ENQ_RQ,7,120,21074,1,13000000000,task
9699175499450,MUT_UL,7,120,21076,0,11250000000,task
9699175502897,DEQ_RQ,7,120,21076,1,11250000000,task
9699175503327,SWT_AYUU,7,120,21076,1,11250000000,task
9699175503347,SWT_TOUU,7,120,21075,0,12100000000,task
9700295581549,DEQ_RQ,7,120,21075,1,12100000000,task
9700295581930,SWT_AYUU,7,120,21075,1,12100000000,task
9700295581970,SWT_TOUU,7,120,21077,0,12500000000,task
9700295590426,MUT_LK,7,120,21077,0,12500000000,task
9701332144132,MUT_UL,7,120,21077,0,12500000000,task
9701332148010,DEQ_RQ,7,120,21077,1,12500000000,task
9701332148430,SWT_AYUU,7,120,21077,1,12500000000,task
9701332148461,SWT_TOUU,7,120,21074,0,13000000000,task
9701332150444,MUT_LK,7,120,21074,0,13000000000,task
9702369981758,MUT_UL,7,120,21074,0,13000000000,task
9702369985364,DEQ_RQ,7,120,21074,1,13000000000,task
9702369985785,SWT_AYUU,7,120,21074,1,13000000000,task
9702369985805,SWT_TOUU,7,120,21072,0,14000000000,task
9702622943225,SWT_AYUU,7,120,21072,0,14000000000,task
9702622943255,SWT_TOUU,2,0,4793,0,0,rtkit-daemon
9702622983220,SWT_AYUU,2,0,4793,1,0,rtkit-daemon
9702622983250,SWT_TOUU,7,120,21072,0,14000000000,task
9703349864329,DEQ_RQ,7,120,21072,1,14000000000,task
9703349865041,SWT_AYUU,7,120,21072,1,14000000000,task
9703349865071,SWT_TOUU,7,120,21073,0,14500000000,task
9703349877514,DEQ_RQ,7,120,21073,1,14500000000,task
9703349879247,SWT_AYUU,7,120,21073,1,14500000000,task
9703349879267,SWT_TOUU,0,120,15543,0,0,kworker/u2:1
9704261636365,ENQ_RQ,7,120,21073,1,14500000000,task
9704261640282,SWT_AYUU,0,120,0,0,0,swapper
9704261640362,SWT_TOUU,7,120,21073,0,14500000000,task
9704261656352,MUT_LK,7,120,21073,0,14500000000,task
9704661630860,ENQ_RQ,7,120,21072,1,14000000000,task
9704661634397,SWT_AYUU,7,120,21073,0,14500000000,task
9704661634437,SWT_TOUU,7,120,21072,0,14000000000,task
9704761666965,ENQ_RQ,7,120,21074,1,13000000000,task
9704761669870,SWT_AYUU,7,120,21072,0,14000000000,task
9704761669890,SWT_TOUU,7,120,21074,0,13000000000,task
9704761681131,ENQ_WQ,7,120,21074,1,13000000000,task
9704761681252,DEQ_RQ,7,120,21074,1,13000000000,task
9704761681352,SWT_AYUU,7,120,21074,1,13000000000,task
9704761681382,SWT_TOUU,7,120,21073,0,13000000000,task
9704861641984,ENQ_RQ,7,120,21075,1,12100000000,task
9704861645010,SWT_AYUU,7,120,21073,0,13000000000,task
9704861645030,SWT_TOUU,7,120,21075,0,12100000000,task
9705011665784,ENQ_RQ,7,120,21076,1,11250000000,task
9705011668669,SWT_AYUU,7,120,21075,0,12100000000,task
9705011668689,SWT_TOUU,7,120,21076,0,11250000000,task
9705011678969,ENQ_WQ,7,120,21076,1,11250000000,task
9705011679109,DEQ_RQ,7,120,21076,1,11250000000,task
9705011679159,SWT_AYUU,7,120,21076,1,11250000000,task
9705011679179,SWT_TOUU,7,120,21073,0,11250000000,task
9706261662214,ENQ_RQ,7,120,21077,1,12500000000,task
9710724921818,DEQ_WQ,7,120,21076,1,11250000000,task
9710724922098,ENQ_RQ,7,120,21076,1,11250000000,task
9710724922359,MUT_UL,7,120,21073,0,14500000000,task
9710724923330,SWT_AYUU,7,120,21073,0,14500000000,task
9710724923350,SWT_TOUU,7,120,21076,0,11250000000,task
9710724925374,MUT_LK,7,120,21076,0,11250000000,task
9711760890196,DEQ_WQ,7,120,21074,1,13000000000,task
9711760890797,ENQ_RQ,7,120,21074,1,13000000000,task
9711760890947,MUT_UL,7,120,21076,0,11250000000,task
9711760951951,DEQ_RQ,7,120,21076,0,11250000000,task
9711760952222,ENQ_RQ,7,120,21076,0,11250000000,task
9711760968122,DEQ_RQ,7,120,21076,128,11250000000,task
9711760968623,SWT_AYUU,7,120,21076,128,11250000000,task
9711760968653,SWT_TOUU,7,120,21075,0,12100000000,task
9713351704026,SWT_AYUU,7,120,21075,0,12100000000,task
9713351704246,SWT_TOUU,2,0,4793,0,0,rtkit-daemon
9713351742708,SWT_AYUU,2,0,4793,1,0,rtkit-daemon
9713351742758,SWT_TOUU,7,120,21075,0,12100000000,task
9713701657206,DEQ_RQ,7,120,21075,0,12100000000,task
9713701657366,ENQ_RQ,7,120,21075,0,12100000000,task
9713701661183,DEQ_RQ,7,120,21075,128,12100000000,task
9713701661484,SWT_AYUU,7,120,21075,128,12100000000,task
9713701661504,SWT_TOUU,7,120,21077,0,12500000000,task
9713701680059,MUT_LK,7,120,21077,0,12500000000,task
9714822261785,MUT_UL,7,120,21077,0,12500000000,task
9714822326537,DEQ_RQ,7,120,21077,0,12500000000,task
9714822326837,ENQ_RQ,7,120,21077,0,12500000000,task
9714822330324,DEQ_RQ,7,120,21077,128,12500000000,task
9714822330845,SWT_AYUU,7,120,21077,128,12500000000,task
9714822330875,SWT_TOUU,7,120,21074,0,13000000000,task
9714822333420,MUT_LK,7,120,21074,0,13000000000,task
9715905215676,MUT_UL,7,120,21074,0,13000000000,task
9715905279586,DEQ_RQ,7,120,21074,0,13000000000,task
9715905279937,ENQ_RQ,7,120,21074,0,13000000000,task
9715905283794,DEQ_RQ,7,120,21074,128,13000000000,task
9715905284285,SWT_AYUU,7,120,21074,128,13000000000,task
9715905284315,SWT_TOUU,7,120,21072,0,14000000000,task
9717925593629,DEQ_RQ,7,120,21072,0,14000000000,task
9717925593950,ENQ_RQ,7,120,21072,0,14000000000,task
9717925598098,DEQ_RQ,7,120,21072,128,14000000000,task
9717925598599,SWT_AYUU,7,120,21072,128,14000000000,task
9717925598619,SWT_TOUU,7,120,21073,0,14500000000,task
9717925638814,DEQ_RQ,7,120,21073,0,14500000000,task
9717925638984,ENQ_RQ,7,120,21073,0,14500000000,task
9717925640086,DEQ_RQ,7,120,21073,128,14500000000,task
9717925641599,SWT_AYUU,7,120,21073,128,14500000000,task
9717925641619,SWT_TOUU,0,120,20105,0,0,kworker/u2:0
