task 1 - 22180
task 2 - 22181
task 3 - 22182
task 4 - 22183
task 5 - 22184


7735108729447,ENQ_RQ,7,120,22181,0,14000000000,task
7735108732954,DEQ_RQ,7,120,22181,1,14000000000,task
7735108733475,SWT_AYUU,7,120,22181,1,14000000000,task
7735108733495,SWT_TOUU,0,120,21528,0,0,kworker/u2:1
7735109344661,ENQ_RQ,7,120,22182,0,10000000000,task
7735109349490,DEQ_RQ,7,120,22182,1,10000000000,task
7735109349721,SWT_AYUU,7,120,22182,1,10000000000,task
7735109349751,SWT_TOUU,0,120,21528,0,0,kworker/u2:1
7735109551539,ENQ_RQ,7,120,22183,0,8000000000,task
7735109554966,DEQ_RQ,7,120,22183,1,8000000000,task
7735109555136,SWT_AYUU,7,120,22183,1,8000000000,task
7735109555166,SWT_TOUU,0,120,21528,0,0,kworker/u2:1
7735109559404,ENQ_RQ,7,120,22184,0,9000000000,task
7735109562881,DEQ_RQ,7,120,22184,1,9000000000,task
7735109563001,SWT_AYUU,7,120,22184,1,9000000000,task
7735109563031,SWT_TOUU,0,120,21528,0,0,kworker/u2:1
7735109569744,ENQ_RQ,7,120,22180,0,11000000000,task
7735109572859,DEQ_RQ,7,120,22180,1,11000000000,task
7735109572980,SWT_AYUU,7,120,22180,1,11000000000,task
7735109573000,SWT_TOUU,0,120,21528,0,0,kworker/u2:1
7741108386476,ENQ_RQ,7,120,22181,1,14000000000,task
7741108391085,SWT_AYUU,0,120,0,0,0,swapper
7741108391165,SWT_TOUU,7,120,22181,0,14000000000,task
7742208420552,ENQ_RQ,7,120,22180,1,11000000000,task
7742208427205,SWT_AYUU,7,120,22181,0,14000000000,task
7742208427345,SWT_TOUU,7,120,22180,0,11000000000,task
7743108394512,ENQ_RQ,7,120,22182,1,10000000000,task
7743108398239,SWT_AYUU,7,120,22180,0,11000000000,task
7743108398390,SWT_TOUU,7,120,22182,0,10000000000,task
7744108438490,ENQ_RQ,7,120,22183,1,8000000000,task
7744108442558,SWT_AYUU,7,120,22182,0,10000000000,task
7744108442618,SWT_TOUU,7,120,22183,0,8000000000,task
7745108436953,ENQ_RQ,7,120,22184,1,9000000000,task
7747339287828,DEQ_RQ,7,120,22183,1,8000000000,task
7747339288299,SWT_AYUU,7,120,22183,1,8000000000,task
7747339288339,SWT_TOUU,7,120,22184,0,9000000000,task
7748565711743,SWT_AYUU,7,120,22184,0,9000000000,task
7748565711963,SWT_TOUU,2,0,4926,0,0,rtkit-daemon
7748565869348,SWT_AYUU,2,0,4926,1,0,rtkit-daemon
7748565869398,SWT_TOUU,7,120,22184,0,9000000000,task
7750617225542,DEQ_RQ,7,120,22184,1,9000000000,task
7750617225953,SWT_AYUU,7,120,22184,1,9000000000,task
7750617225983,SWT_TOUU,7,120,22182,0,10000000000,task
7752108436070,ENQ_RQ,7,120,22183,1,8000000000,task
7752108441830,SWT_AYUU,7,120,22182,0,10000000000,task
7752108441880,SWT_TOUU,7,120,22183,0,8000000000,task
7754108416213,ENQ_RQ,7,120,22184,1,9000000000,task
7755384288932,DEQ_RQ,7,120,22183,0,8000000000,task
7755384289262,ENQ_RQ,7,120,22183,0,8000000000,task
7755384294612,DEQ_RQ,7,120,22183,128,8000000000,task
7755384294973,SWT_AYUU,7,120,22183,128,8000000000,task
7755384294993,SWT_TOUU,7,120,22184,0,9000000000,task
7758565907615,SWT_AYUU,7,120,22184,0,9000000000,task
7758565907895,SWT_TOUU,2,0,4926,0,0,rtkit-daemon
7758566066252,SWT_AYUU,2,0,4926,1,0,rtkit-daemon
7758566066302,SWT_TOUU,7,120,22184,0,9000000000,task
7758701876084,DEQ_RQ,7,120,22184,0,9000000000,task
7758701876365,ENQ_RQ,7,120,22184,0,9000000000,task
7758701879801,DEQ_RQ,7,120,22184,128,9000000000,task
7758701879971,SWT_AYUU,7,120,22184,128,9000000000,task
7758701880001,SWT_TOUU,7,120,22182,0,10000000000,task
7759504750519,DEQ_RQ,7,120,22182,1,10000000000,task
7759504750950,SWT_AYUU,7,120,22182,1,10000000000,task
7759504750980,SWT_TOUU,7,120,22180,0,11000000000,task
7759504810502,ENQ_RQ,7,120,22182,1,10000000000,task
7759504813317,SWT_AYUU,7,120,22180,0,11000000000,task
7759504813337,SWT_TOUU,7,120,22182,0,10000000000,task
7762632114111,DEQ_RQ,7,120,22182,0,10000000000,task
7762632114462,ENQ_RQ,7,120,22182,0,10000000000,task
7762632118810,DEQ_RQ,7,120,22182,128,10000000000,task
7762632119160,SWT_AYUU,7,120,22182,128,10000000000,task
7762632119190,SWT_TOUU,7,120,22180,0,11000000000,task
7764955468168,DEQ_RQ,7,120,22180,1,11000000000,task
7764955468548,SWT_AYUU,7,120,22180,1,11000000000,task
7764955468588,SWT_TOUU,7,120,22181,0,14000000000,task
7764955480901,ENQ_RQ,7,120,22180,1,11000000000,task
7764955484298,SWT_AYUU,7,120,22181,0,14000000000,task
7764955484328,SWT_TOUU,7,120,22180,0,11000000000,task
7768124693398,DEQ_RQ,7,120,22180,0,11000000000,task
7768124693889,ENQ_RQ,7,120,22180,0,11000000000,task
7768124697516,DEQ_RQ,7,120,22180,128,11000000000,task
7768124697877,SWT_AYUU,7,120,22180,128,11000000000,task
7768124697897,SWT_TOUU,7,120,22181,0,14000000000,task
7768566083519,SWT_AYUU,7,120,22181,0,14000000000,task
7768566083700,SWT_TOUU,2,0,4926,0,0,rtkit-daemon
7768566250663,SWT_AYUU,2,0,4926,1,0,rtkit-daemon
7768566250713,SWT_TOUU,7,120,22181,0,14000000000,task
7770213748111,DEQ_RQ,7,120,22181,1,14000000000,task
7770213750936,SWT_AYUU,7,120,22181,1,14000000000,task
7770213750966,SWT_TOUU,0,120,17213,0,0,kworker/u2:0
7770213770152,ENQ_RQ,7,120,22181,1,14000000000,task
7770213786743,SWT_AYUU,0,120,17213,0,0,kworker/u2:0
7770213786783,SWT_TOUU,7,120,22181,0,14000000000,task
7773364572429,DEQ_RQ,7,120,22181,0,14000000000,task
7773364572779,ENQ_RQ,7,120,22181,0,14000000000,task
7773364576797,DEQ_RQ,7,120,22181,128,14000000000,task
7773364577608,SWT_AYUU,7,120,22181,128,14000000000,task
7773364577638,SWT_TOUU,0,120,20,0,0,kcompactd0
